 1 1 1 1 1 1 1
 1 0 1 0 0 0 1
 1 0 0 1 0 0 1
 1 0 0 0 0 1 1
 1 0 0 0 0 1 1
 1 0 1 0 1 0 1
 1 1 1 1 1 1 1

path lenght: path has not found yet

  1  1  1  1  1  1  1
  1  0  1  4  5  0  1
  1  0  0  1  0  0  1
  1  0  0  0  0  1  1
  1  0  0  0  0  1  1
  1  0  1  0  1  0  1
  1  1  1  1  1  1  1

  1  1  1  1  1  1  1
  1  0  1  4  5  6  1
  1  0  0  1  6  0  1
  1  0  0  0  0  1  1
  1  0  0  0  0  1  1
  1  0  1  0  1  0  1
  1  1  1  1  1  1  1

  1  1  1  1  1  1  1
  1  0  1  4  5  6  1
  1  0  0  1  6  7  1
  1  0  0  0  7  1  1
  1  0  0  0  0  1  1
  1  0  1  0  1  0  1
  1  1  1  1  1  1  1

  1  1  1  1  1  1  1
  1  0  1  4  5  6  1
  1  0  0  1  6  7  1
  1  0  0  8  7  1  1
  1  0  0  0  8  1  1
  1  0  1  0  1  0  1
  1  1  1  1  1  1  1

  1  1  1  1  1  1  1
  1  0  1  4  5  6  1
  1  0  0  1  6  7  1
  1  0  9  8  7  1  1
  1  0  0  9  8  1  1
  1  0  1  0  1  0  1
  1  1  1  1  1  1  1

  1  1  1  1  1  1  1
  1  0  1  4  5  6  1
  1  0 10  1  6  7  1
  1 10  9  8  7  1  1
  1  0 10  9  8  1  1
  1  0  1 10  1  0  1
  1  1  1  1  1  1  1

  1  1  1  1  1  1  1
  1  0  1  4  5  6  1
  1 11 10  1  6  7  1
  1 10  9  8  7  1  1
  1 11 10  9  8  1  1
  1  0  1 10  1  0  1
  1  1  1  1  1  1  1

  1  1  1  1  1  1  1
  1 12  1  4  5  6  1
  1 11 10  1  6  7  1
  1 10  9  8  7  1  1
  1 11 10  9  8  1  1
  1 12  1 10  1  0  1
  1  1  1  1  1  1  1

  1  1  1  1  1  1  1
  1 12  1  4  5  6  1
  1 11 10  1  6  7  1
  1 10  9  8  7  1  1
  1 11 10  9  8  1  1
  1 12  1 10  1  0  1
  1  1  1  1  1  1  1

  1  1  1  1  1  1  1
  1 12  1  4  5  6  1
  1 11 10  1  6  7  1
  1 10  9  8  7  1  1
  1 11 10  9  8  1  1
  1 12  1 10  1  0  1
  1  1  1  1  1  1  1

 1 1 1 1 1 1 1
 1 0 1 2 * 0 1
 1 0 0 1 * 0 1
 1 0 0 0 * 1 1
 1 * * * * 1 1
 1 3 1 0 1 0 1
 1 1 1 1 1 1 1

path lenght: 8
